Never-married: (0.36764705882352944, 0.26881720430107525, 0.3105590062111801)
Married-civ-spouse: (0.8070588235294117, 0.26364335126825517, 0.3974507531865585)
Divorced: (0.5245901639344263, 0.37209302325581395, 0.43537414965986393)
Married-spouse-absent: (0.8333333333333334, 0.8333333333333334, 0.8333333333333334)
Separated: (0.25, 0.5, 0.3333333333333333)
Married-AF-spouse: (1.0, 0.5, 0.6666666666666666)
Widowed: (0.2727272727272727, 0.21428571428571427, 0.23999999999999996)
